LOF,5,157,2.41192824,1,157
LOF,10,157,1.780127931,1,157
LOF,15,157,1.867348648,1,157
LOF,25,157,1.768331683,1,157
LOF,50,157,1.940820128,1,157
LOF,75,157,2.119470109,38,157
LOF,100,157,2.266302077,18,157
LOF,200,157,2.385236376,60,157
LOF,300,157,2.611654711,60,157
LOF,400,157,3.017996944,65,157
LOF,500,157,3.447442748,69,157
LOF,200,10,2.44632053,10,10
LOF,200,20,2.578667586,20,20
LOF,200,50,2.53577626,41,50
LOF,200,75,2.495100419,44,75
LOF,200,100,2.508411654,53,100
LOF,200,125,2.446999005,56,125
LOF,200,150,2.563215134,60,150
LOF,200,200,2.583731468,60,200
LOF,200,250,2.471435028,60,250
LOF,200,300,2.581074215,61,300
OursFactor,5,157,1.785360672,77,157
OursFactor,10,157,1.765349339,127,157
OursFactor,15,157,1.845477565,105,157
OursFactor,25,157,1.953675706,101,157
OursFactor,50,157,1.968011207,93,157
OursFactor,75,157,1.989952463,93,157
OursFactor,100,157,1.971698137,92,157
OursFactor,200,157,2.04279475,61,157
OursFactor,300,157,2.001499972,68,157
OursFactor,400,157,2.036466802,68,157
OursFactor,500,157,2.002538424,67,157
OursFactor,200,10,2.579248001,10,10
OursFactor,200,20,2.616450433,20,20
OursFactor,200,50,2.594832454,41,50
OursFactor,200,75,2.618937567,44,75
OursFactor,200,100,2.569114473,53,100
OursFactor,200,125,2.6331746,56,125
OursFactor,200,150,2.536007737,60,150
OursFactor,200,200,2.542975795,60,200
OursFactor,200,250,2.613036632,60,250
OursFactor,200,300,2.530631386,61,300
OursStatistical,50,0.5,0.677629035,135,298
OursStatistical,50,1.0,0.693176997,113,213
OursStatistical,50,1.25,0.671418548,103,203
OursStatistical,50,1.5,0.685613622,88,152
OursStatistical,50,1.75,0.685315584,87,151
OursStatistical,50,2.0,0.644578546,79,143
OursStatistical,50,2.5,0.674106731,69,126
OursStatistical,50,2.75,0.680950091,68,92
OursStatistical,50,3.0,0.673977375,57,79
OursStatistical,50,3.25,0.638802562,53,73
OursStatistical,50,3.5,0.705512289,51,71
OursStatistical,50,3.75,0.678524005,44,63
OursStatistical,50,4.0,0.682278642,42,61
OursStatistical,5,2,0.667459475,28,36
OursStatistical,10,2,0.641307107,53,67
OursStatistical,15,2,0.671815252,54,68
OursStatistical,25,2,0.662475224,69,93
OursStatistical,50,2,0.634571583,79,143
OursStatistical,75,2,0.718533304,86,150
OursStatistical,100,2,0.688510179,95,159
OursStatistical,200,2,0.678923144,101,240
OursStatistical,300,2,0.687143688,100,280
OursStatistical,400,2,0.63308956,95,275
OursStatistical,500,2,0.682601536,95,301
OursTraditional,5,0.05,0.606688711,11,14
OursTraditional,10,0.05,0.541086456,31,37
OursTraditional,15,0.05,0.555555008,37,46
OursTraditional,25,0.05,0.543170613,60,79
OursTraditional,50,0.05,0.550883401,94,147
OursTraditional,75,0.05,0.571112787,103,250
OursTraditional,100,0.05,0.541433777,109,305
OursTraditional,200,0.05,0.55091471,113,537
OursTraditional,300,0.05,0.555356903,113,781
OursTraditional,400,0.05,0.539175079,114,1498
OursTraditional,500,0.05,0.549789054,114,2039
OursTraditional,50,0.01,0.554258377,153,798
OursTraditional,50,0.02,0.57972814,134,431
OursTraditional,50,0.03,0.554111288,112,213
OursTraditional,50,0.05,0.539061763,94,147
OursTraditional,50,0.07,0.549741936,73,126
OursTraditional,50,0.09,0.540222758,44,95
OursTraditional,50,0.1,0.547071326,39,87
OursTraditional,50,0.15,0.566414341,19,22
OursTraditional,50,0.2,0.544248889,16,17
